29
   0    0     13.152     10.811     26.763
   1    1     22.112     10.554     26.129
   2    2     11.553      1.862     26.378
   3    3     23.449     19.666     24.690
   4    4     27.497     -0.385     21.531
   5    5     14.672     19.669     25.167
   6    7     23.346     66.733     -0.367
   7    6     22.295     73.470      5.300
   8    8     30.448      8.990     21.471
   9    9     29.779     69.977      9.537
  10   10     31.496     18.046     19.611
  11   11     32.205     65.333      1.116
  12   12     28.086     97.089    -24.213
  15   15     41.674     86.412    -29.222
  13   14     41.813     96.761    -28.651
  14   13     40.541     56.296     -2.024
  17   18     36.504    101.355    -23.831
  16   17     35.557     90.184    -26.503
  18   16     52.193     95.795    -28.866
  21   19     20.153      1.020     26.257
  19   20     48.131    101.934    -28.397
  20   21     43.365    107.163    -21.457
  -1   23     38.683     61.687      6.138
  22   22     45.790     91.044    -31.288
  23   24     27.887     60.770      4.508
  -1   -2     34.205     65.763     24.508
  -1   -2     43.481     58.101     29.892
  27   -2     28.203     59.481      9.144
  -1   -2     64.104     15.591    -37.124
