28
   0    0     13.721     12.737     25.910
   1    1     22.642     13.088     24.844
   3    2     12.886      3.737     27.036
   2    3     23.157     21.960     22.025
   4    4     14.430     21.335     22.915
   5    5     29.466     69.554     13.419
   6    6     28.560      1.948     21.418
   7    7     29.710     65.236      5.702
   8    8     30.764     11.435     19.840
   9    9     31.075     20.218     16.796
  10   12     30.999     97.133    -17.911
  11   11     31.956     57.183      8.163
  18   10     35.026     62.737     16.651
  14   15     38.097     90.516    -21.733
  12   14     43.708     97.336    -24.743
  16   13     53.935     96.682    -26.653
  15   17     21.457      3.546     26.539
  13   16     39.210    101.659    -18.927
  17   18     43.739     86.925    -25.596
  19   22     37.459     54.856      2.242
  20   21     47.355     91.799    -28.152
  21   19     46.196    107.647    -17.694
  22   20     58.245     63.942    -35.816
  -1   -2     48.698     70.205    -24.227
  -1   24     44.019     51.619      1.563
  24   25     35.190     53.304     44.370
  -1   -2     43.749     63.606      6.137
  27   -2     58.090    -24.965     39.666
