31
   0    0     13.880     11.278     26.726
   1    1     22.651     12.022     24.948
   2    2     13.537      2.212     27.828
   3    3     22.506     20.895     22.055
   4    4     13.931     19.878     23.655
   5    5     29.147      1.260     21.355
   7    7     28.419     72.015     11.219
   6    6     28.679     66.413      4.369
   8    8     30.653     10.849     19.608
  11    9     35.188     66.727     14.632
   9   10     37.188     63.451      5.615
  12   12     30.098     93.661    -17.212
  10   11     30.180     19.562     16.397
  15   14     42.879     94.996    -23.705
  13   13     37.864     98.878    -18.026
  14   15     37.815     87.692    -20.958
  16   16     43.773     84.658    -24.859
  19   18     22.139      2.434     26.703
  18   17     53.162     95.065    -25.162
  17   22     44.373     54.170      0.953
  21   19     44.310    105.362    -16.439
  22   20     47.036     89.825    -27.122
  20   21     32.018     58.988      7.860
  23   24     40.549     59.180     17.154
  24   -2     52.117     70.710    -30.928
  -1   -2     45.768     53.350     34.672
  26   26     48.845    100.709    -24.376
  -1   -2     56.112     50.450     21.967
  -1   -2     49.979     67.849    -33.242
  28   28     58.065    -24.974     39.794
  -1   -2     63.892     15.356    -37.645
