27
   0    0     13.057      9.783     27.412
   1    1     22.003      9.846     26.656
   2    2     11.775      0.780     27.051
   3    3     22.995     18.997     25.167
   4    4     14.231     18.687     25.803
   5    5     27.867     -0.974     22.179
   6    6     23.147     72.921      5.205
   7    7     23.941     66.004     -0.343
   8    8     30.284      8.561     21.818
   9    9     30.502     69.272      9.483
  11   10     32.768     64.358      1.187
  10   11     30.957     17.630     19.872
  12   12     27.808     97.154    -24.904
  13   13     41.606     96.726    -29.132
  15   14     41.354     86.431    -29.851
  14   16     40.800     54.994     -1.792
  18   15     36.312    101.257    -24.245
  19   17     35.202     90.195    -27.240
  17   19     51.968     95.602    -29.174
  16   18     20.419      0.227     26.878
  21   20     47.989    101.788    -28.622
  20   21     43.226    106.885    -21.597
  22   22     45.543     91.002    -31.825
  23   23     27.984     59.583      4.409
  24   24     36.367     60.869     15.226
  25   25     49.004     72.618    -35.423
  26   26     58.312     63.997    -36.676
