27
   0    0     13.133     12.222     25.957
   1    2     22.080     11.770     25.277
   2    1     11.337      3.300     25.745
   5    3     23.608     20.838     23.757
   4    5     26.932      0.744     20.360
   8    7     20.879     71.856      9.071
   6    4     14.830     21.024     24.249
   7    6     22.847     67.130      1.888
   3    8     28.523     68.019     12.617
   9    9     30.311      9.996     20.493
  10   10     31.639     19.032     18.723
  11   11     27.807     60.619      5.255
  13   13     42.473     97.488    -27.828
  12   12     28.916     97.839    -22.808
  16   14     42.385     86.996    -27.992
  17   15     36.415     90.925    -25.059
  15   16     52.850     96.619    -28.348
  18   17     37.273    102.321    -23.072
  19   19     48.729    102.729    -28.172
  21   18     44.098    108.428    -21.483
  20   21     19.871      2.284     25.521
  22   20     46.425     91.687    -30.315
  14   -2     33.883     59.907     -0.427
  -1   -2     38.314     62.057      8.850
  -1   23     49.404     72.933    -36.550
  -1   24     41.199     56.616      7.756
  26   25     58.268     63.975    -36.424
