28
   0    0     13.066     11.506     26.212
   2    2     22.020     11.128     25.654
   1    1     11.340      2.585     25.918
   4    3     23.498     20.217     24.208
   3    4     26.939      0.208     20.641
   6    6     22.700     67.270      0.688
   5    5     14.720     20.331     24.576
   7    7     21.094     73.169      7.042
   8    9     30.325      9.443     20.950
   9    8     28.744     69.728     10.946
  10   10     31.593     18.498     19.235
  18   11     31.583     66.263      2.182
  11   12     28.586     97.266    -23.120
  14   13     36.119     90.398    -25.409
  13   14     42.112     86.511    -28.373
  12   15     42.119     97.006    -28.141
  16   18     52.496     96.201    -28.632
  17   16     36.878    101.771    -23.378
  19   19     48.350    102.290    -28.399
  21   21     46.113     91.256    -30.661
  20   20     43.666    107.890    -21.687
  15   23     27.658     61.231      4.912
  22   22     19.872      1.638     25.760
  23   24     35.930     63.076     14.941
  24   25     48.935     73.152    -35.302
  25   -2     40.776     55.691      7.804
  -1   -2     58.307     63.882    -37.020
  -1   -2     59.481     48.861     -6.710
