29
   0    0     13.669     12.334     26.001
   1    1     22.569     12.860     24.870
   2    3     13.028      3.324     27.230
   3    2     22.874     21.722     21.989
   4    4     14.170     20.916     22.934
   6    6     28.737      1.836     21.527
   5    5     29.717     70.384     13.072
   7    7     29.952     65.986      5.425
   8    8     30.707     11.354     19.850
  10    9     30.792     20.112     16.715
  11   10     30.697     95.821    -17.412
  12   14     38.009     89.497    -21.297
  14   12     43.392     96.545    -24.216
  13   13     38.772    100.653    -18.378
  15   11     32.088     57.936      8.041
  17   15     21.607      3.309     26.648
  16   17     43.736     86.125    -25.227
  18   16     53.620     96.257    -26.189
   9   18     35.197     63.523     16.536
  19   20     47.220     91.163    -27.727
  20   21     45.521    106.909    -17.146
  21   19     37.576     55.454      2.187
  22   22     58.757     63.750    -36.200
  -1   -2     52.233     61.806    -49.650
  -1   -2     49.672     68.395    -43.052
  25   24     35.265     53.950     44.736
  -1   -2     50.872     54.341     45.697
  -1   -2     42.859     64.809     16.305
  -1   27     58.085    -24.972     39.651
