29
   0    0     13.874     10.304     27.316
   1    1     22.588     11.132     25.290
   2    2     22.331     20.078     22.648
   3    3     13.596      1.211     28.174
   4    4     13.806     18.979     24.482
   5    5     28.932      0.479     21.146
   6    7     27.067     71.873     11.682
   7    6     27.586     66.071      5.041
   9    8     30.393     10.126     19.654
   8   10     43.433     60.065      9.245
  10    9     34.700     67.655     14.807
  11   12     29.817     18.932     16.714
  13   13     30.271     94.653    -17.517
  12   11     36.464     64.252      5.747
  14   14     43.304     95.720    -23.575
  15   15     38.103     88.540    -20.810
  16   16     38.081     99.851    -18.246
  17   17     44.112     85.387    -24.511
  18   18     44.408     55.692      0.792
  19   19     53.639     95.614    -24.740
  21   21     44.520    106.319    -16.596
  20   20     47.467     90.442    -26.754
  23   22     32.183     59.369      8.652
  24   23     22.173      1.485     26.818
  22   -2     42.046     63.831     17.699
  25   24     49.233    101.369    -23.791
  -1   26     55.157     63.879    -14.072
  -1   -2     51.947     72.468    -28.009
  29   29     58.046    -24.941     39.782
