30
   0    0     13.908     11.145     26.871
   1    1     22.663     11.899     25.022
   2    2     13.576      2.073     27.931
   4    3     22.493     20.782     22.160
   3    4     13.930     19.754     23.826
   6    5     29.123      1.151     21.332
   7    7     28.454     66.376      4.439
   5    6     28.139     72.043     11.239
   8    8     30.621     10.748     19.617
  10   10     37.059     63.654      5.608
  11   12     30.120     19.472     16.437
   9    9     35.098     66.981     14.614
  12   11     30.025     93.605    -17.326
  16   14     37.786     98.844    -18.055
  14   15     37.805     87.655    -20.971
  13   13     42.874     94.960    -23.656
  15   16     43.821     84.659    -24.791
  17   19     44.452     54.520      0.853
  18   18     53.175     95.035    -24.999
  20   17     22.170      2.307     26.744
  21   22     31.995     59.038      7.934
  19   20     44.197    105.338    -16.397
  22   21     47.070     89.797    -27.032
  24   23     40.548     59.546     17.486
  25   24     52.184     70.832    -30.519
  26   -2     55.522     63.848    -14.281
  23   26     48.808    100.702    -24.230
  -1   -2     50.876     67.763    -48.381
  -1   29     58.077    -24.988     39.776
  -1   -2     63.887     15.376    -37.512
