27
   0    0     13.656     12.144     26.072
   1    1     22.543     12.735     24.857
   2    2     13.094      3.125     27.293
   3    3     22.754     21.596     21.969
   5    4     14.065     20.726     22.979
   4    6     29.728     70.767     12.790
   7    5     28.818      1.767     21.539
   6    7     29.942     66.241      5.211
   9    8     30.680     11.302     19.821
   8   18     35.289     64.034     16.011
  10    9     30.657     20.047     16.657
  11   10     30.583     95.320    -17.182
  12   11     37.952     89.097    -21.161
  13   13     38.608    100.257    -18.115
  14   12     43.276     96.220    -23.985
  17   14     32.131     58.236      7.936
  15   16     43.707     85.825    -25.137
  16   15     21.678      3.180     26.670
  18   17     53.514     96.018    -25.921
  19   19     47.151     90.906    -27.531
  20   20     45.270    106.599    -16.883
  21   21     37.584     55.690      2.180
  22   22     58.854     63.638    -36.346
  -1   -2     49.908     65.099    -54.006
  -1   -2     52.064     67.207    -24.561
  -1   25     35.250     54.280     45.035
  26   -2     58.078    -24.971     39.614
