28
   0    0     13.054     11.731     26.089
   1    2     11.310      2.811     25.829
   2    1     22.007     11.335     25.525
   5    4     26.899      0.387     20.520
   3    3     23.501     20.417     24.059
   4    6     14.722     20.549     24.440
   6    5     22.696     67.278      1.048
   7    7     20.952     72.818      7.702
   9    8     30.294      9.626     20.799
   8    9     28.611     69.280     11.501
  10   10     31.591     18.674     19.082
  12   12     28.705     97.414    -22.946
  13   15     42.222     97.145    -28.039
  14   14     42.212     86.637    -28.222
  15   13     36.239     90.544    -25.220
  11   21     27.675     61.096      5.005
  16   16     52.603     96.354    -28.586
  17   17     36.992    101.954    -23.290
  -1   11     31.532     66.217      2.637
  19   18     48.438    102.436    -28.361
  18   20     43.778    108.092    -21.687
  20   19     46.214     91.382    -30.531
  21   22     19.839      1.845     25.668
  22   23     36.026     63.098     14.875
  23   24     49.015     73.100    -35.500
  24   25     40.979     56.139      7.486
  -1   -2     60.580     50.148    -12.853
  -1   -2     58.306     63.873    -37.117
