29
   0    0     12.953      9.363     27.589
   1    1     21.898      9.551     26.776
   2    2     11.801      0.343     27.244
   3    3     22.751     18.709     25.279
   4    5     13.995     18.275     25.949
   5    4     27.871     -1.199     22.268
   6    6     23.257     72.704      5.257
   7    7     24.071     65.783     -0.294
   8    8     30.157      8.366     21.871
   9   10     30.577     69.041      9.591
  10   11     32.891     64.135      1.295
  11    9     30.693     17.445     19.911
  12   12     27.734     97.188    -24.902
  13   13     41.536     96.775    -29.125
  14   14     41.282     86.480    -29.897
  16   16     36.242    101.301    -24.243
  15   15     40.975     54.811     -1.655
  17   17     35.125     90.240    -27.273
  19   19     20.449     -0.094     27.013
  18   18     51.899     95.646    -29.161
  20   20     47.919    101.837    -28.632
  21   21     43.153    106.938    -21.615
  22   23     45.481     91.055    -31.831
  23   22     28.004     59.245      4.389
  24   24     36.488     60.652     15.337
  25   -2     48.951     72.495    -35.605
  26   26     58.198     64.026    -36.689
  -1   -2     58.015    -24.917     39.897
  -1   -2     63.876     15.368    -37.608
