29
   0    0     13.094     11.291     26.327
   2    2     11.387      2.370     26.031
   1    1     22.048     10.936     25.773
   3    3     23.506     20.031     24.336
   4    4     27.041      0.032     20.817
   6    5     14.726     20.126     24.726
   5    6     22.793     67.206      0.332
   7    7     21.321     73.385      6.455
   9    9     28.947     69.993     10.433
   8    8     30.371      9.281     21.102
  10   11     31.597     18.338     19.356
  11   10     31.680     66.137      1.779
  12   12     28.463     97.164    -23.353
  13   16     35.980     90.291    -25.630
  14   15     42.009     86.438    -28.574
  15   14     42.030     96.904    -28.260
  17   17     36.775    101.626    -23.477
  -1   13     40.538     57.874     -1.856
  16   18     52.410     96.070    -28.675
  18   19     48.279    102.172    -28.386
  20   20     43.576    107.685    -21.622
  19   21     46.024     91.173    -30.822
  22   22     19.934      1.448     25.864
  21   23     27.693     61.265      4.802
  23   24     35.903     62.930     14.969
  24   25     48.907     73.171    -35.141
  -1   -2     38.976     56.922     41.770
  -1   -2     62.786     50.140    -21.109
  -1   27     28.285     60.101      8.183
