28
   0    0     13.162     10.642     26.914
   1    1     22.118     10.436     26.272
   2    2     11.614      1.677     26.544
   3    3     23.405     19.551     24.816
   4    4     27.623     -0.507     21.747
   5    5     14.627     19.506     25.328
   7    6     22.602     73.385      5.193
   6    7     23.529     66.554     -0.404
   8    8     30.439      8.910     21.559
   9    9     30.045     69.834      9.408
  10   10     31.430     17.969     19.686
  11   11     32.381     65.056      1.068
  12   12     27.991     97.089    -24.465
  15   14     40.567     55.865     -1.988
  14   13     41.752     96.716    -28.800
  13   16     41.571     86.403    -29.437
  18   19     52.130     95.688    -28.970
  17   17     35.434     90.159    -26.762
  16   18     36.444    101.281    -23.953
  19   15     20.229      0.883     26.422
  20   20     48.100    101.845    -28.460
  21   21     43.330    107.008    -21.454
  23   22     45.711     91.001    -31.480
  22   -2     38.782     61.342      6.110
  24   23     27.913     60.477      4.441
  -1   25     49.016     72.846    -35.044
  -1   -2     29.881     58.964      5.612
  -1   -2     38.023     54.530     48.463
