30
   0    0     13.898     10.531     27.278
   1    1     22.621     11.331     25.266
   2    2     22.390     20.261     22.584
   3    3     13.600      1.443     28.182
   4    4     13.857     19.190     24.386
   5    5     28.968      0.639     21.216
   7    6     27.734     66.101      4.926
   6    7     27.243     71.909     11.571
   8    8     30.446     10.276     19.665
  10    9     34.782     67.576     14.743
   9   15     43.412     59.857      9.364
  13   11     36.583     64.163      5.703
  11   10     29.895     19.062     16.672
  12   12     30.173     94.277    -17.517
  14   13     43.208     95.468    -23.564
  15   14     38.058     88.237    -20.833
  16   16     37.951     99.539    -18.217
  17   17     44.113     85.168    -24.523
  18   18     44.459     55.513      0.795
  19   19     53.539     95.440    -24.694
  21   21     47.416     90.233    -26.764
  20   22     44.335    106.051    -16.537
  22   20     32.126     59.244      8.501
  23   23     22.178      1.694     26.863
  25   24     49.106    101.165    -23.801
  -1   25     52.229     71.640    -29.142
  26   26     55.541     64.049    -13.744
  -1   27     37.998     64.329     33.181
  -1   -2     53.918     70.866    -54.635
  28   28     58.059    -24.949     39.700
