27
   0    0     13.770     13.339     25.911
   2    1     22.690     13.378     24.797
   1    2     12.590      4.352     26.816
   3    3     23.523     22.297     22.213
   6    4     14.785     21.977     23.111
   5    7     28.151      2.157     20.989
   8    5     33.842     61.912     16.564
   4    6     27.756     68.299     13.657
   7    8     28.251     64.102      5.912
   9    9     30.783     11.586     19.794
  10   10     31.410     20.430     16.991
  11   12     55.164     96.996    -27.158
  12   11     31.246     56.259      8.348
  14   13     31.939    100.070    -19.734
  15   14     44.961     98.777    -25.794
  13   18     38.482     92.656    -23.068
  18   16     43.867     88.394    -26.611
  16   17     40.662    103.641    -20.307
  17   19     21.158      3.848     26.227
  21   15     36.737     54.372      2.284
  19   20     56.867     64.200    -36.258
  20   21     48.223    108.795    -18.634
  22   22     48.160     92.833    -28.956
  25   23     51.741    103.307    -26.113
  -1   -2     50.095     72.077    -43.194
  24   -2     43.469     51.645      1.513
  -1   -2     63.884     15.358    -37.671
