30
   0    0     13.846     10.038     27.381
   1    1     22.546     10.904     25.316
   3    2     22.248     19.868     22.728
   2    3     13.598      0.940     28.186
   4    4     13.734     18.730     24.604
   5    5     28.895      0.300     21.069
   7    6     26.936     71.815     11.830
   6    7     27.479     66.029      5.170
   8    9     43.454     60.238      9.199
   9    8     30.335      9.962     19.637
  10   10     34.654     67.693     14.879
  12   11     29.719     18.783     16.764
  11   13     36.383     64.323      5.788
  13   12     30.399     95.089    -17.449
  14   14     43.413     96.006    -23.537
  15   15     38.145     88.885    -20.768
  16   16     38.264    100.197    -18.211
  17   17     44.105     85.650    -24.495
  18   18     44.374     55.851      0.788
  19   19     53.748     95.784    -24.733
  20   21     47.524     90.680    -26.748
  21   20     44.781    106.604    -16.615
  22   24     42.134     64.003     17.632
  23   22     32.255     59.474      8.790
  24   23     22.171      1.249     26.784
  25   25     49.412    101.588    -23.814
  -1   -2     52.503     67.068    -13.055
  -1   -2     35.489     58.217      4.726
  -1   -2     52.119     54.681     36.641
  -1   28     58.014    -24.911     39.920
