27
   0    0     13.751     12.917     25.865
   1    2     22.679     13.178     24.806
   2    1     12.816      3.927     26.946
   3    3     23.292     22.058     22.047
   4    4     14.558     21.528     22.917
   5    6     29.183     69.157     13.451
   6    5     28.470      1.995     21.318
   7    7     29.455     64.845      5.744
   8    8     30.787     11.466     19.808
   9   10     31.202     20.265     16.840
  12    9     34.836     62.413     16.644
  11   14     31.846     56.842      8.219
  10   15     31.191     97.863    -18.312
  15   11     54.202     96.850    -26.858
  14   12     43.965     97.746    -25.012
  13   16     38.171     91.068    -22.035
  17   13     39.522    102.183    -19.264
  16   17     21.384      3.642     26.457
  18   18     43.758     87.329    -25.822
  21   19     46.652    107.994    -17.945
  22   20     57.887     64.014    -35.898
  20   22     47.517     92.114    -28.400
  19   21     37.336     54.580      2.295
  -1   -2     48.487     70.400    -24.903
  24   24     43.930     51.429      1.574
  25   25     35.067     53.043     44.420
  -1   -2     43.551     63.484      6.425
