27
   0    0     13.667     13.086     25.902
   2    2     11.878      4.152     25.912
   1    1     22.579     12.624     24.863
   4    3     29.532     64.453     15.060
   3    5     24.024     21.661     23.060
   5    4     27.346      1.520     20.113
   6    7     15.277     21.841     23.877
   8    8     22.065     69.189     12.277
   7    6     23.917     65.836      4.382
   9    9     30.723     10.767     19.954
  10   10     34.707     58.744      0.595
  12   12     28.667     58.729      6.538
  11   11     31.920     19.756     17.857
  15   14     43.482     98.250    -27.301
  13   13     29.794     99.369    -22.915
  17   15     42.851     88.002    -27.892
  14   17     53.741     96.535    -27.094
  16   16     36.894     92.039    -25.173
  18   18     38.381    103.202    -22.591
  19   19     50.152    102.971    -26.893
  20   20     45.544    108.603    -20.163
  21   21     47.140     92.291    -29.836
  22   22     20.430      3.152     25.370
  23   -2     38.379     60.400     17.962
  -1   -2     50.443     71.874    -38.604
  -1   -2     58.311     64.472    -35.464
  -1   -2     40.782     59.692      7.051
