28
   0    0     13.130     10.953     26.614
   1    1     22.088     10.660     26.012
   2    2     11.491      2.017     26.221
   3    3     23.472     19.769     24.582
   4    4     27.342     -0.261     21.289
   5    5     14.689     19.806     25.025
   6    6     23.136     66.911     -0.221
   7    7     21.948     73.518      5.550
   8    8     30.432      9.068     21.363
   9    9     29.476     70.086      9.689
  11   10     31.537     18.126     19.541
  10   11     32.005     65.628      1.246
  12   12     28.188     97.104    -23.913
  14   14     41.871     96.809    -28.497
  13   15     40.516     56.810     -2.027
  15   13     41.776     86.417    -28.981
  16   17     35.684     90.214    -26.202
  17   16     36.574    101.437    -23.674
  18   18     52.246     95.898    -28.760
  19   20     48.159    102.020    -28.376
  20   21     43.416    107.333    -21.471
  22   19     20.072      1.152     26.111
  21   23     45.860     91.089    -31.108
  23   24     27.837     61.034      4.601
  24   -2     35.992     62.372     15.062
  -1   -2     48.995     73.119    -35.078
  -1   -2     37.885     54.770     48.469
  27   27     28.201     59.773      9.006
