28
   0    0     13.680     11.791     26.241
   1    1     22.532     12.478     24.853
   2    2     13.238      2.753     27.441
   3    3     22.583     21.335     21.940
   4    5     13.930     20.375     23.141
   5    4     29.511     71.351     12.067
   6    7     28.977      1.603     21.507
   7    6     29.688     66.443      4.732
   8    9     30.652     11.164     19.741
   9    8     35.380     65.008     15.401
  10   10     30.436     19.888     16.529
  11   11     30.404     94.544    -16.953
  15   12     37.879     88.448    -20.952
  12   13     38.290     99.627    -17.871
  14   14     43.078     95.671    -23.709
  17   15     43.669     85.284    -24.991
  16   16     21.832      2.906     26.665
  18   18     53.325     95.597    -25.507
  21   17     32.172     58.598      7.791
  19   19     47.051     90.450    -27.286
  20   20     44.850    106.055    -16.532
  13   24     37.658     62.380      6.363
  -1   22     59.005     63.393    -36.799
  -1   -2     37.873     55.227     11.662
  -1   -2     51.098     72.388    -28.446
  -1   -2     53.223     62.125    -52.602
  -1   -2     42.015     57.727     13.655
  -1   26     58.063    -24.975     39.664
