31
  -1    0     13.811      9.732     27.461
  -1    1     22.495     10.650     25.353
  -1    3     13.608      0.631     28.199
  -1    2     22.146     19.628     22.813
  -1    4     13.649     18.444     24.725
  -1    5     28.861      0.106     20.982
  -1    7     27.409     65.964      5.297
  -1    6     26.846     71.736     11.973
  -1    8     43.491     60.373      9.188
  -1    9     30.268      9.786     19.634
  -1   10     34.642     67.711     14.949
  -1   12     36.336     64.368      5.855
  -1   11     29.597     18.620     16.811
  -1   13     30.538     95.482    -17.362
  -1   14     43.540     96.263    -23.516
  -1   15     38.194     89.193    -20.716
  -1   16     38.461    100.503    -18.153
  -1   17     44.107     85.897    -24.472
  -1   18     44.373     55.982      0.806
  -1   19     53.861     95.946    -24.751
  -1   20     47.579     90.896    -26.746
  -1   21     45.054    106.831    -16.561
  -1   22     42.207     64.130     17.622
  -1   23     32.323     59.527      8.911
  -1   24     22.172      0.977     26.753
  -1   25     49.592    101.771    -23.806
  -1   -2     52.270     67.163    -13.107
  -1   -2     35.539     58.280      4.837
  -1   -2     52.072     54.804     36.614
  -1   -2     58.050    -24.945     39.757
  -1   -2     63.881     15.377    -37.598
