28
   0    0     13.480     12.848     25.906
   1    1     22.398     12.338     24.976
   2    2     11.633      3.926     25.783
   3    4     28.948     65.796     14.127
   4    5     27.192      1.226     20.203
   5    3     23.922     21.385     23.308
   7    6     15.171     21.621     24.044
   6    7     23.405     66.444      3.335
   8    8     21.393     70.179     11.030
   9    9     30.555     10.483     20.105
  11   10     31.838     19.487     18.125
  12   11     28.302     59.572      5.927
  10   12     34.397     59.427      0.064
  13   13     29.354     98.773    -22.887
  15   15     42.581     87.636    -27.964
  17   16     53.298     96.634    -27.668
  14   14     42.974     97.976    -27.563
  16   17     36.609     91.610    -25.171
  18   18     37.840    102.864    -22.833
  19   20     49.475    102.933    -27.465
  22   19     20.189      2.858     25.354
  20   21     44.883    108.542    -20.697
  21   22     46.764     92.091    -30.101
  -1   -2     37.842     62.390     14.884
  -1   24     49.713     72.721    -32.734
  -1   -2     39.931     65.618     -4.191
  -1   26     58.398     64.388    -35.568
  -1   -2     48.071     53.546    -16.588
