28
   0    0     13.871     13.460     25.960
   2    1     22.773     13.193     24.746
   1    2     12.343      4.490     26.508
   3    4     23.913     22.169     22.492
   4    3     31.539     62.495     16.680
   7    5     27.634      2.035     20.266
   6    6     15.186     22.141     23.460
   5    8     24.517     68.020     14.241
   8    7     25.611     64.486      6.259
   9    9     30.867     11.332     19.741
  11   11     29.652     56.865      8.058
  10   10     31.805     20.259     17.307
  12   13     55.110     96.230    -26.542
  15   15     45.009     98.766    -26.598
  13   14     31.495    100.886    -22.053
  17   12     35.439     56.422      1.897
  16   17     37.964     93.040    -24.528
  14   16     43.499     88.589    -27.516
  18   18     40.306    104.069    -21.805
  19   19     52.044    102.914    -26.093
  23   20     47.876    108.864    -19.333
  22   21     48.151     92.626    -29.365
  21   22     20.893      3.692     25.743
  24   24     49.212     73.274    -32.312
  -1   -2     39.662     57.538     16.907
  -1   25     57.326     64.299    -35.994
  -1   -2     54.612     66.597    -60.247
  -1   -2     47.707     50.687     -0.967
