27
   0    0     13.237     12.458     25.931
   1    1     22.178     11.976     25.156
   2    2     11.412      3.537     25.748
   4    8     28.585     67.297     13.157
   5    4     27.011      0.911     20.319
   3    3     23.713     21.034     23.602
   6    6     14.946     21.248     24.169
   7    7     22.993     66.955      2.357
   8    5     20.962     71.312      9.749
   9    9     30.378     10.169     20.346
  10   10     31.701     19.194     18.519
  11   11     27.942     60.304      5.446
  13   13     29.054     98.142    -22.780
  14   12     42.617     97.661    -27.722
  12   22     34.064     59.843     -0.419
  16   16     52.987     96.660    -28.160
  15   14     42.439     87.212    -27.957
  17   15     36.470     91.154    -25.061
  18   17     37.456    102.518    -22.985
  20   18     48.954    102.828    -27.994
  19   20     19.957      2.492     25.455
  21   19     44.353    108.514    -21.280
  22   21     46.528     91.833    -30.265
  -1   -2     38.826     62.426      7.835
  24   -2     49.665     72.516    -33.025
  -1   -2     41.154     58.988     -0.692
  26   26     58.342     64.224    -36.307
