31
   0    0     13.922     11.018     27.008
   1    1     22.668     11.778     25.104
   3    2     13.601      1.940     28.035
   4    4     13.927     19.637     23.994
   2    3     22.480     20.672     22.277
   7    7     27.886     72.028     11.302
   5    5     29.082      1.039     21.314
   6    6     28.259     66.311      4.546
   8    8     30.584     10.643     19.628
   9   11     35.022     67.182     14.656
  11    9     36.947     63.823      5.632
  10   10     30.067     19.382     16.489
  12   12     30.006     93.648    -17.387
  13   15     42.911     94.998    -23.627
  14   14     37.828     87.695    -20.950
  15   16     43.885     84.728    -24.725
  16   13     37.745     98.909    -18.104
  17   17     44.497     54.829      0.853
  18   18     53.225     95.050    -24.858
  22   21     44.139    105.408    -16.388
  23   19     22.187      2.177     26.800
  21   20     32.005     59.071      8.051
  20   22     47.127     89.831    -26.972
  24   26     48.802    100.694    -23.796
  -1   23     40.552     59.858     17.759
  25   24     52.251     71.038    -30.142
  26   25     55.668     63.872    -13.975
  -1   -2     51.875     53.709     38.942
  -1   -2     51.282     70.727    -50.350
  28   -2     58.068    -24.977     39.798
  -1   -2     63.892     15.372    -37.506
