28
   0    0     13.112     11.104     26.467
   2    1     22.069     10.781     25.891
   1    2     11.437      2.177     26.121
   3    3     23.489     19.883     24.467
   4    4     27.184     -0.122     21.042
   5    5     14.709     19.947     24.880
   6    6     22.946     67.082      0.029
   7    7     21.619     73.498      5.952
   9    8     30.410      9.162     21.239
   8    9     29.200     70.098     10.014
  11   11     31.828     65.913      1.463
  10   10     31.572     18.219     19.470
  12   12     28.323     97.121    -23.622
  17   14     40.517     57.350     -2.023
  15   13     41.948     96.851    -28.370
  14   15     41.892     86.423    -28.765
  13   16     35.829     90.242    -25.909
  16   17     36.673    101.527    -23.572
  18   18     52.322     95.984    -28.712
  19   19     48.216    102.093    -28.384
  20   20     43.490    107.510    -21.534
  21   22     45.941     91.125    -30.944
  22   21     19.999      1.283     25.969
  23   23     27.763     61.207      4.688
  24   24     35.928     62.681     15.016
  25   -2     48.919     73.160    -35.001
  -1   -2     37.867     54.883     48.044
  28   27     28.217     59.982      8.717
