28
   0    0     13.767     13.093     25.848
   2    1     12.740      4.105     26.876
   1    2     22.696     13.268     24.786
   3    3     23.399     22.160     22.082
   4    6     14.661     21.712     22.950
   6    5     28.371      2.057     21.204
   5    4     28.794     68.814     13.500
   7    7     29.125     64.518      5.785
   8    9     30.794     11.513     19.790
  10    8     34.565     62.165     16.587
   9   10     31.299     20.327     16.875
  13   11     54.538     96.982    -27.023
  14   15     44.298     98.137    -25.296
  16   16     39.903    102.705    -19.613
  11   12     31.700     56.562      8.269
  12   14     31.423     98.612    -18.772
  15   13     38.286     91.625    -22.377
  17   17     21.304      3.735     26.390
  18   18     43.804     87.705    -26.073
  19   20     47.174    108.322    -18.210
  20   19     57.504     64.052    -36.003
  22   21     37.173     54.392      2.306
  21   22     47.740     92.399    -28.605
  -1   -2     48.214     70.590    -24.670
  24   24     43.809     51.355      1.539
  25   -2     34.904     52.874     44.486
  -1   -2     52.590     73.475    -50.708
  -1   -2     63.874     15.418    -37.437
