26
   0    0     13.776     13.426     25.960
   1    1     22.691     13.400     24.796
   2    2     12.527      4.442     26.773
   3    3     23.580     22.330     22.269
   4    4     14.844     22.071     23.200
   6    6     33.405     61.922     16.613
   7    5     27.132     68.155     13.802
   5    8     28.029      2.181     20.868
   8    7     27.726     64.034      6.011
   9    9     30.775     11.592     19.787
  10   11     31.459     20.454     17.048
  12   10     30.943     56.232      8.373
  11   12     55.365     96.877    -27.119
  13   13     32.108    100.644    -20.207
  14   14     45.200     98.969    -26.009
  19   16     36.474     54.574      2.235
  16   15     43.834     88.621    -26.833
  17   18     40.922    103.970    -20.624
  15   17     38.499     93.038    -23.388
  18   19     21.090      3.875     26.155
  20   20     56.699     64.259    -36.328
  21   22     48.593    108.914    -18.820
  22   21     48.289     92.922    -29.104
  23   23     52.093    103.342    -26.220
  -1   -2     50.885     63.467    -50.456
  -1   -2     42.361     59.445     18.816
