27
   0    0     13.579     12.984     25.909
   2    1     22.493     12.490     24.914
   1    2     11.756      4.054     25.831
   3    3     29.220     65.081     14.600
   5    4     27.278      1.379     20.157
   4    5     23.982     21.531     23.180
   8    7     23.657     66.139      3.850
   6    6     15.233     21.747     23.969
   7    8     21.710     69.650     11.659
   9    9     30.641     10.633     20.029
  10   12     34.563     59.106      0.316
  12   10     31.882     19.629     17.994
  11   11     28.496     59.154      6.212
  14   13     29.552     99.063    -22.923
  13   16     43.214     98.111    -27.449
  15   14     42.709     87.821    -27.929
  17   17     36.734     91.821    -25.191
  16   15     53.504     96.582    -27.369
  18   18     38.089    103.018    -22.716
  19   19     49.803    102.956    -27.206
  20   21     45.195    108.558    -20.420
  21   22     46.938     92.190    -29.960
  22   20     20.306      3.016     25.371
  -1   -2     38.071     61.498     15.259
  -1   -2     53.131     64.517    -14.167
  -1   -2     52.436     70.914    -47.944
  -1   -2     43.842     63.584     -7.481
