26
   0    0     13.787     13.480     25.981
   1    1     22.694     13.384     24.792
   2    2     12.460      4.493     26.743
   3    3     23.649     22.326     22.312
   4    7     14.917     22.132     23.280
   6    6     26.483     68.060     13.986
   5    4     32.952     61.992     16.689
   8    8     27.172     64.051      6.155
   7    5     27.910      2.173     20.719
   9    9     30.781     11.561     19.777
  11   10     30.599     56.283      8.365
  10   11     31.527     20.436     17.101
  12   12     55.473     96.678    -27.021
  13   13     32.159    100.992    -20.706
  14   14     45.336     99.017    -26.210
  16   15     43.790     88.718    -27.072
  15   18     36.197     54.913      2.187
  18   16     38.465     93.234    -23.728
  17   17     41.036    104.144    -20.946
  19   20     21.026      3.866     26.067
  20   19     56.669     64.255    -36.304
  22   23     48.367     92.896    -29.205
  21   22     48.758    108.943    -18.987
  23   21     52.329    103.260    -26.308
  -1   -2     43.041     52.598      1.331
  -1   -2     48.906     73.290    -32.147
