30
   0    0     13.913     10.723     27.206
   1    1     22.642     11.506     25.242
   2    2     22.431     20.421     22.499
   3    3     13.603      1.641     28.157
   4    4     13.889     19.367     24.287
   5    5     28.994      0.786     21.275
   6    6     27.897     66.158      4.808
   7    7     27.432     71.943     11.479
   8    8     30.489     10.407     19.661
   9    9     34.863     67.479     14.712
  12   10     29.958     19.178     16.616
  11   11     36.704     64.071      5.684
  13   12     30.091     93.973    -17.489
  14   13     43.107     95.259    -23.552
  15   14     37.983     87.988    -20.881
  10   19     43.378     59.629      9.536
  16   16     37.844     99.268    -18.162
  17   15     44.063     84.986    -24.564
  18   17     44.499     55.324      0.831
  19   18     53.440     95.277    -24.680
  22   21     32.069     59.157      8.339
  20   20     47.337     90.060    -26.783
  21   22     44.207    105.797    -16.450
  23   23     22.185      1.884     26.878
  24   24     48.989    100.974    -23.748
  25   25     52.338     71.510    -29.439
  26   26     55.673     63.975    -13.729
  27   27     38.011     64.084     32.747
  29   28     58.068    -24.960     39.686
  -1   -2     63.871     15.402    -37.361
