28
   0    0     13.071     11.970     26.013
   2    1     11.305      3.050     25.779
   1    2     22.022     11.549     25.394
   3    4     23.531     20.627     23.914
   6    5     14.755     20.783     24.333
   4    3     26.897      0.564     20.425
   7    6     22.747     67.234      1.452
   5    7     20.877     72.368      8.385
   8    9     28.534     68.692     12.066
   9    8     30.286      9.810     20.643
  10   10     31.601     18.855     18.918
  11   15     27.721     60.882      5.108
  13   11     28.808     97.596    -22.841
  12   12     42.340     97.314    -27.924
  14   13     42.313     86.802    -28.076
  15   14     36.342     90.723    -25.098
  16   16     52.720     96.498    -28.467
  17   17     37.118    102.134    -23.185
  19   20     43.916    108.281    -21.619
  18   19     48.565    102.585    -28.304
  21   21     46.318     91.529    -30.409
  20   22     19.833      2.064     25.607
  -1   23     36.146     62.968     14.747
  24   24     49.205     73.022    -36.071
  25   25     41.105     56.447      7.532
  26   -2     58.201     63.737    -36.219
  -1   -2     29.808     63.928     14.952
  -1   -2     34.717     62.569     33.210
