29
   0    0     12.832      8.898     27.744
   1    1     21.765      9.213     26.890
   2    2     11.796     -0.130     27.471
   3    3     22.486     18.380     25.366
   5    5     27.839     -1.463     22.336
   4    4     13.738     17.825     26.102
   6    6     23.361     72.463      5.356
   7    7     24.225     65.561     -0.231
   8    8     30.000      8.133     21.922
  11   10     30.406     17.217     19.951
   9    9     30.656     68.803      9.722
  10   11     33.042     63.931      1.459
  12   12     27.643     97.256    -24.857
  13   13     41.444     96.873    -29.075
  14   14     41.203     86.581    -29.897
  16   18     41.199     54.685     -1.454
  15   16     36.141    101.387    -24.184
  17   15     35.040     90.322    -27.242
  19   23     51.814     95.751    -29.089
  18   19     20.454     -0.460     27.137
  20   20     47.826    101.940    -28.585
  21   21     43.041    107.039    -21.564
  23   17     28.056     58.916      4.364
  22   22     45.401     91.170    -31.793
  24   26     36.653     60.472     15.482
  -1   -2     48.953     72.539    -35.598
  26   -2     58.056     64.093    -36.745
  -1   -2     57.603    -29.547     37.038
  -1   -2     63.885     15.374    -37.640
