27
   0    0     13.843     13.482     25.987
   2    2     12.377      4.509     26.601
   1    1     22.743     13.263     24.747
   3    3     23.824     22.228     22.409
   4    4     32.011     62.284     16.740
   6    7     25.153     67.987     14.248
   7    6     15.097     22.150     23.395
   5    5     27.711      2.083     20.393
   8    8     26.098     64.296      6.291
   9    9     30.834     11.413     19.732
  11   11     31.713     20.325     17.228
  10   10     29.938     56.605      8.200
  12   12     55.340     96.316    -26.660
  13   14     31.848    101.058    -21.665
  15   17     43.636     88.664    -27.411
  14   13     45.247     98.875    -26.510
  16   16     38.206     93.185    -24.305
  18   15     35.667     55.883      2.035
  17   18     40.700    104.167    -21.585
  21   19     52.309    103.008    -26.194
  19   -2     56.884     64.200    -35.688
  20   22     20.927      3.757     25.862
  23   21     48.316     92.715    -29.331
  22   20     48.357    108.909    -19.237
  -1   23     49.108     73.333    -32.428
  -1   -2     42.055     53.989      2.434
  -1   -2     38.221     55.795     24.667
