27
   0    0     13.759     13.176     25.884
   2    2     22.669     12.745     24.817
   1    1     12.012      4.235     26.003
   3    4     24.056     21.774     22.939
   4    3     29.892     63.899     15.512
   5    5     27.408      1.648     20.067
   6    6     15.315     21.919     23.784
   7    8     24.205     65.527      4.912
   8    7     22.480     68.786     12.861
   9    9     30.804     10.892     19.895
  11   10     34.853     58.347      0.885
  10   12     31.960     19.872     17.750
  12   11     28.860     58.300      6.857
  13   14     30.075     99.696    -22.864
  14   16     54.011     96.480    -26.841
  15   13     43.787     98.382    -27.139
  17   17     37.080     92.262    -25.096
  16   15     42.992     88.162    -27.809
  18   18     38.716    103.392    -22.467
  19   19     50.535    102.974    -26.615
  21   20     45.938    108.665    -19.934
  20   21     47.361     92.385    -29.718
  22   22     20.555      3.272     25.418
  23   23     38.636     59.577     18.188
  -1   -2     50.465     71.623    -38.311
  25   -2     58.100     64.368    -34.930
  -1   -2     38.975     67.337      6.401
