27
   0    0     13.662     11.959     26.151
   1    1     22.533     12.604     24.853
   2    2     13.167      2.930     27.360
   3    3     22.662     21.464     21.945
   5    5     29.669     71.073     12.428
   4    4     13.988     20.541     23.053
   7    7     29.861     66.383      4.955
   6    6     28.902      1.685     21.526
   9    9     35.354     64.514     15.690
   8    8     30.662     11.232     19.785
  10   10     30.538     19.966     16.594
  11   11     30.492     94.891    -17.026
  12   12     37.917     88.747    -21.045
  13   13     38.445     99.914    -17.951
  14   14     43.174     95.933    -23.813
  15   16     43.687     85.543    -25.063
  16   17     21.755      3.041     26.667
  18   15     32.168     58.443      7.855
  17   18     53.417     95.794    -25.679
  19   19     47.094     90.672    -27.381
  20   20     45.053    106.305    -16.667
  -1   21     37.598     55.860      2.203
  22   22     58.910     63.507    -36.519
  -1   -2     51.099     72.611    -28.411
  21   -2     37.685     62.086      6.665
  -1   -2     44.151     52.605      1.349
  27   26     58.070    -24.967     39.636
