29
   0    0     13.836     13.270     25.901
   1    2     12.130      4.321     26.130
   2    1     22.742     12.870     24.775
   4    3     24.078     21.889     22.799
   3    4     30.275     63.428     15.922
   6    5     27.468      1.766     20.044
   5    6     15.340     21.999     23.695
   7    7     24.497     65.226      5.392
   8    8     22.925     68.473     13.384
   9    9     30.871     11.012     19.842
  11   11     31.983     19.983     17.628
  12   10     34.973     57.908      1.190
  10   12     29.035     57.890      7.232
  14   13     30.386    100.021    -22.755
  13   14     54.286     96.411    -26.613
  15   15     44.094     98.493    -26.960
  16   17     43.131     88.298    -27.729
  17   16     37.283     92.476    -24.968
  18   18     39.064    103.591    -22.326
  19   19     50.920    102.955    -26.341
  21   21     47.580     92.458    -29.568
  20   20     46.348    108.727    -19.698
  22   22     20.678      3.393     25.467
  23   23     38.894     58.845     18.433
  -1   -2     49.502     73.074    -32.079
  25   25     57.948     64.469    -35.400
  -1   -2     63.525     51.999    -20.686
  -1   -2     37.732     62.409     -2.651
  -1   -2     50.958     67.958    -44.070
