28
   0    0     13.363     12.665     25.924
   1    1     22.292     12.164     25.060
   2    2     11.520      3.745     25.759
   5    5     23.829     21.213     23.461
   3    3     28.727     66.546     13.660
   4    4     27.102      1.068     20.254
   6    6     15.069     21.447     24.121
   7    7     23.174     66.718      2.848
   8    8     21.139     70.745     10.409
   9    9     30.467     10.325     20.214
  10   10     31.772     19.342     18.314
  11   11     28.106     59.953      5.681
  12   14     34.223     59.678     -0.168
  13   12     29.199     98.462    -22.788
  16   13     42.778     97.825    -27.653
  14   16     42.501     87.428    -27.952
  15   15     53.125     96.650    -27.917
  17   17     36.530     91.391    -25.096
  18   18     37.645    102.701    -22.924
  20   20     20.071      2.679     25.395
  19   19     49.200    102.884    -27.742
  21   21     44.627    108.531    -21.000
  22   22     46.629     91.962    -30.180
  -1   -2     38.839     61.636      8.736
  24   24     49.709     72.656    -32.796
  -1   -2     49.575     65.731    -42.810
  26   26     58.387     64.285    -35.834
  -1   -2     36.048     61.366     25.921
