28
   0    0     13.767     13.237     25.867
   1    2     12.659      4.247     26.828
   2    1     22.693     13.338     24.783
   3    3     23.466     22.244     22.144
   6    7     28.310     68.515     13.574
   5    5     28.259      2.117     21.098
   4    4     14.725     21.864     23.023
   7    8     28.725     64.269      5.833
   9    6     34.230     61.992     16.560
   8    9     30.788     11.559     19.791
  10   10     31.358     20.389     16.936
  11   11     54.869     97.031    -27.123
  14   12     31.499     56.366      8.302
  16   15     38.395     92.168    -22.720
  15   13     31.688     99.366    -19.263
  12   14     44.647     98.491    -25.561
  13   17     40.299    103.204    -19.966
  17   18     21.223      3.807     26.316
  18   16     43.857     88.075    -26.375
  20   20     57.157     64.121    -36.182
  19   21     47.721    108.591    -18.448
  21   19     36.972     54.317      2.293
  22   22     47.964     92.649    -28.795
  -1   -2     50.276     69.644    -43.834
  24   25     43.651     51.420      1.493
  -1   23     51.332    103.208    -26.405
  -1   -2     33.812     52.422     45.785
  -1   -2     63.916     15.349    -37.733
