26
   0    0     13.819     13.494     25.999
   1    2     22.718     13.330     24.768
   2    1     12.419      4.512     26.680
   3    3     23.738     22.284     22.372
   6    4     32.486     62.111     16.746
   8    7     27.811      2.130     20.553
   5    5     25.817     68.006     14.167
   4    6     15.009     22.154     23.351
   7    8     26.628     64.143      6.258
   9    9     30.809     11.492     19.759
  10   11     30.256     56.408      8.306
  11   10     31.622     20.387     17.170
  12   12     55.469     96.469    -26.838
  13   13     32.079    101.104    -21.202
  14   15     45.360     98.968    -26.379
  15   14     43.738     88.710    -27.251
  17   16     38.381     93.262    -24.028
  18   18     40.961    104.195    -21.283
  16   17     35.921     55.361      2.132
  20   20     56.774     64.214    -36.177
  19   21     20.977      3.818     25.972
  23   19     52.409    103.131    -26.280
  22   23     48.675    108.931    -19.151
  21   22     48.388     92.807    -29.277
  -1   -2     50.366     73.534    -37.865
  -1   -2     42.752     53.202      1.280
