29
   0    0     13.895     13.428     25.934
   1    2     22.795     13.110     24.742
   2    1     12.298      4.468     26.388
   4    3     31.081     62.758     16.522
   3    4     24.004     22.097     22.564
   5    6     27.573      1.970     20.151
   6    5     15.274     22.124     23.525
   8    7     25.175     64.712      6.086
   7    8     23.933     68.120     14.094
   9    9     30.895     11.239     19.755
  11   11     31.903     20.181     17.386
  10   10     29.411     57.173      7.837
  15   12     35.235     56.939      1.716
  12   13     54.823     96.254    -26.494
  14   14     31.090    100.632    -22.412
  13   15     44.695     98.672    -26.688
  17   16     43.361     88.505    -27.598
  16   17     37.713     92.864    -24.708
  18   18     39.839    103.932    -22.017
  19   19     51.667    102.900    -26.079
  20   20     47.298    108.813    -19.408
  21   21     47.948     92.564    -29.402
  22   22     20.844      3.615     25.627
  -1   23     39.461     57.696     18.875
  23   24     49.352     73.183    -32.520
  25   25     57.547     64.337    -35.732
  -1   -2     59.861     48.650     -9.238
  -1   -2     40.262     66.063      1.755
  -1   -2     47.466     51.144     -0.433
