29
   0    0     13.924     10.878     27.125
   1    1     22.661     11.650     25.195
   2    4     22.464     20.552     22.393
   3    2     13.610      1.799     28.111
   4    3     13.916     19.510     24.147
   5    6     29.037      0.917     21.303
   6    7     28.073     66.229      4.677
   7    5     27.646     71.989     11.390
   8    8     30.539     10.529     19.653
   9    9     34.942     67.348     14.681
  10   11     30.016     19.283     16.557
  11   10     36.828     63.963      5.666
  12   12     30.029     93.759    -17.438
  13   13     42.997     95.093    -23.573
  14   14     37.896     87.799    -20.906
  17   15     43.974     84.832    -24.647
  16   16     37.765     99.046    -18.124
  18   17     44.522     55.101      0.856
  19   18     53.321     95.131    -24.748
  15   -2     43.341     59.374      9.694
  21   22     47.222     89.916    -26.852
  20   21     32.034     59.101      8.196
  22   19     44.135    105.559    -16.395
  23   20     22.194      2.038     26.852
  24   23     48.871    100.797    -23.700
  25   25     52.384     71.366    -29.763
  26   26     55.734     63.917    -13.802
  27   -2     38.033     63.823     32.335
  28   29     58.057    -24.952     39.748
