30
   0    0     13.829     11.405     26.602
   1    1     22.617     12.137     24.900
   2    2     13.470      2.346     27.724
   3    3     22.512     21.003     21.985
   4    4     13.919     19.995     23.501
   5    6     29.133      1.354     21.398
   7    7     28.919     66.421      4.364
   6    5     28.728     71.931     11.277
   8    8     30.662     10.938     19.632
   9    9     35.275     66.393     14.753
  10   11     37.313     63.189      5.684
  12   10     30.236     19.645     16.395
  11   12     30.194     93.819    -17.075
  14   13     37.977     99.006    -17.965
  13   14     42.907     95.098    -23.684
  15   15     37.823     87.812    -20.933
  16   17     43.724     84.734    -24.905
  18   18     53.181     95.132    -25.256
  17   16     22.078      2.556     26.678
  20   20     44.456    105.482    -16.499
  21   21     47.021     89.914    -27.168
  22   19     32.053     58.914      7.801
  19   -2     44.241     53.777      1.292
  -1   -2     59.477     62.956    -35.186
  23   23     40.543     58.749     16.817
  -1   -2     53.277     71.055    -35.834
  26   -2     48.923    100.801    -24.399
  -1   -2     51.252     54.165     46.662
  29   26     58.050    -24.959     39.761
  -1   -2     63.883     15.370    -37.652
