29
   0    0     13.890     13.365     25.910
   2    1     12.232      4.410     26.258
   1    2     22.791     12.998     24.742
   3    4     30.663     63.061     16.273
   4    3     24.068     22.001     22.660
   6    6     15.335     22.077     23.599
   5    5     27.527      1.880     20.067
   7    7     24.812     64.957      5.796
   8    8     23.407     68.265     13.786
   9    9     30.908     11.132     19.794
  11   12     29.212     57.512      7.561
  10   10     31.972     20.089     17.500
  12   11     35.093     57.441      1.465
  13   14     54.555     96.332    -26.524
  14   13     30.719    100.339    -22.640
  15   15     44.393     98.582    -26.811
  16   16     43.251     88.410    -27.658
  17   17     37.492     92.676    -24.840
  18   18     39.423    103.774    -22.202
  19   19     51.290    102.932    -26.152
  20   21     46.784    108.774    -19.528
  21   20     47.770     92.516    -29.493
  22   22     20.775      3.511     25.537
  23   23     39.162     58.229     18.664
  24   -2     49.517     73.185    -32.555
  25   25     57.762     64.415    -35.635
  -1   -2     63.671     51.497    -21.417
  -1   -2     38.082     61.922     -2.706
  -1   -2     48.663     54.847     -3.210
