29
   0    0     13.126     10.130     27.255
   1    1     22.077     10.079     26.531
   2    2     11.735      1.141     26.880
   3    3     23.195     19.218     25.059
   5    4     14.425     19.015     25.633
   4    5     27.820     -0.800     22.072
   6    6     23.029     73.109      5.172
   7    7     23.822     66.198     -0.370
   8    8     30.368      8.694     21.742
   9    9     30.416     69.473      9.419
  10   11     31.177     17.759     19.822
  11   10     32.659     64.572      1.117
  12   12     27.875     97.120    -24.821
  13   13     41.665     96.693    -29.061
  14   15     40.684     55.220     -1.897
  16   14     41.426     86.408    -29.763
  15   19     20.373      0.480     26.719
  19   18     52.032     95.589    -29.151
  18   16     36.370    101.230    -24.211
  17   17     35.276     90.163    -27.151
  21   21     43.282    106.864    -21.548
  20   20     48.040    101.769    -28.576
  22   22     45.607     90.971    -31.762
  23   23     27.972     59.904      4.400
  24   24     36.286     61.104     15.176
  25   25     49.003     72.618    -35.286
  -1   26     58.422     63.995    -36.572
  -1   -2     28.257     58.556      9.205
  -1   -2     63.882     15.368    -37.625
