28
   0    0     13.774     11.527     26.487
   1    1     22.584     12.245     24.867
   2    2     13.395      2.470     27.621
   3    3     22.522     21.108     21.955
   4    4     13.909     20.109     23.365
   7    5     29.034     71.795     11.431
   5    6     29.105      1.437     21.441
   6    7     29.177     66.429      4.421
   8    8     30.661     11.014     19.660
   9    9     35.345     65.985     14.906
  11   10     30.298     19.725     16.413
  10   13     37.443     62.914      5.806
  12   11     30.274     94.025    -16.973
  13   12     38.086     99.185    -17.911
  14   14     42.954     95.250    -23.680
  15   15     37.838     87.982    -20.910
  18   16     22.005      2.666     26.654
  16   17     43.687     84.867    -24.927
  17   18     53.218     95.236    -25.306
  21   21     32.094     58.823      7.778
  19   20     44.590    105.655    -16.520
  20   19     47.019     90.052    -27.188
  -1   -2     59.221     62.914    -35.623
  24   22     40.548     58.300     16.445
  -1   -2     53.240     70.901    -36.542
  -1   -2     51.899     61.990    -45.485
  28   26     58.070    -24.986     39.671
  -1   -2     63.872     15.379    -37.580
