28
   0    0     13.693     12.532     25.955
   1    1     22.603     12.976     24.870
   3    3     23.010     21.844     22.021
   2    2     12.962      3.530     27.142
   4    4     14.295     21.123     22.913
   6    5     29.636     69.964     13.291
   5    6     28.653      1.895     21.490
   7    7     29.882     65.637      5.593
   8    8     30.738     11.398     19.856
   9    9     30.932     20.168     16.764
  10   10     30.835     96.434    -17.624
  14   11     32.036     57.561      8.119
  12   14     43.524     96.920    -24.469
  13   17     38.966    101.127    -18.632
  11   13     38.054     89.975    -21.479
  15   16     21.537      3.433     26.609
  17   15     53.754     96.473    -26.432
  16   18     43.744     86.499    -25.370
  18   12     35.139     63.110     16.602
  21   19     37.538     55.158      2.202
  19   20     47.274     91.462    -27.922
  20   21     45.821    107.271    -17.437
  22   22     58.537     63.821    -35.824
  -1   -2     52.367     61.804    -51.021
  25   25     35.251     53.616     44.526
  -1   -2     50.812     54.518     46.473
  -1   -2     41.486     63.505     19.528
  28   27     58.089    -24.968     39.644
