27
   0    0     13.719     11.651     26.362
   1    1     22.551     12.358     24.857
   2    2     13.314      2.602     27.529
   3    3     22.542     21.218     21.948
   4    4     13.908     20.233     23.249
   5    5     29.296     71.597     11.719
   6    6     29.048      1.521     21.491
   7    7     29.447     66.445      4.543
   8    8     30.651     11.090     19.714
   9    9     35.376     65.512     15.144
  10   10     30.359     19.809     16.474
  12   11     30.326     94.256    -16.936
  13   13     38.167     99.385    -17.848
  11   21     37.571     62.651      6.027
  14   14     42.999     95.442    -23.675
  15   12     37.848     88.189    -20.898
  16   16     21.920      2.782     26.651
  17   15     43.663     85.053    -24.937
  18   17     53.253     95.403    -25.384
  21   19     47.014     90.234    -27.212
  20   20     44.697    105.841    -16.510
  19   18     32.138     58.720      7.785
  23   -2     40.539     57.848     16.078
  -1   -2     57.825     69.894    -58.942
  -1   -2     52.007     61.969    -46.966
  -1   -2     37.115     48.855     53.771
  26   -2     58.073    -24.985     39.621
