28
   0    0     13.157     10.414     27.074
   1    1     22.111     10.275     26.392
   2    2     11.677      1.436     26.704
   3    3     23.320     19.401     24.945
   4    5     27.733     -0.647     21.907
   5    4     14.547     19.287     25.480
   6    6     22.848     73.269      5.157
   7    7     23.679     66.377     -0.393
   8    8     30.411      8.812     21.647
   9    9     30.257     69.665      9.390
  10   10     31.326     17.874     19.752
  11   11     32.525     64.804      1.066
  12   12     27.925     97.097    -24.670
  14   13     41.707     96.690    -28.948
  13   14     40.607     55.509     -1.964
  19   16     20.303      0.699     26.581
  15   15     41.492     86.397    -29.623
  17   19     35.347     90.150    -26.998
  18   18     36.402    101.237    -24.104
  16   17     52.077     95.613    -29.075
  20   21     48.069    101.783    -28.513
  21   20     43.301    106.906    -21.496
  22   22     45.650     90.970    -31.642
  24   23     27.943     60.193      4.397
  -1   24     36.214     61.383     15.154
  25   25     49.022     72.724    -35.158
  -1   -2     38.013     54.427     48.546
  -1   -2     28.237     58.860      9.202
